//Rojin Aliehyaei
import mpi.*;
import java.util.*;
import java.util.Random;
import java.util.TreeSet;
public class AirportSim {
	public static double[][] dis = new double [][] 
		{
		  {.00,4389.98,1648.75,4262.02,3447.16,5679.00,247.53,7054.43,4173.91,4934.91,3953.58
		 ,4799.05,4908.58,3928.29,3211.07,3646.75,806.34,226.96,6073.28,5762.94,5000.96
		 ,1373.35,3633.33,6360.48,5341.44,5564.44,229.83,907.97,4530.23,10276.08,5720.71
		 ,4623.97,4153.13,412.74,5790.11,4108.34,268.63,4863.44,3726.11,5396.16,5535.77
		 ,4871.47,5459.15,5518.69,6532.06,10349.76,5739.90,5866.99,3720.74,375.60,98.27
		 ,10066.82,2793.85,393.69,465.08,4976.25,5493.38,3814.71,4604.15,5602.14,1332.42
		 ,595.45,595.91,716.15},

		  {4389.98,.00,6023.91,8497.66,944.73,8327.19,4383.34,10407.02,226.42,7965.55,7971.77
		 ,1196.93,730.05,596.03,7585.54,744.45,5024.15,4603.17,4665.71,8385.74,687.92
		 ,5760.96,758.98,9890.50,1742.78,1941.95,4200.79,4325.06,404.43,9687.69,1332.56
		 ,596.26,906.45,4785.33,6836.12,606.30,4383.19,7169.28,665.63,1584.05,7644.32
		 ,2177.36,2134.67,7652.72,9957.15,9285.28,8366.28,8043.31,740.36,4680.27,4415.08
		 ,9026.98,7109.61,4591.83,3929.34,1586.87,2106.01,576.18,582.27,8438.33,5367.33
		 ,4984.76,4410.81,4640.54},

		  {1648.75,6023.91,.00,2816.88,5079.18,4868.84,1641.18,5701.19,5804.06,4122.25,2723.98
		 ,6427.05,6557.32,5576.26,1653.97,5279.46,1044.37,1427.57,6524.45,4943.27,6647.17
		 ,300.20,5265.03,5053.55,6941.03,7154.57,1824.80,1857.86,6133.66,8890.30,7356.46
		 ,6208.45,5793.88,1242.45,5687.62,5757.02,1642.10,4451.22,5358.33,7017.66,5016.98
		 ,6375.73,7009.53,4992.85,5236.42,9127.83,4924.39,5221.33,5367.84,1344.00,1613.23
		 ,9049.49,1165.91,1546.33,2099.66,6573.76,6839.40,5447.74,6189.53,4359.15,1351.89
		 ,1057.40,1827.39,1671.73},

		  {4262.02,8497.66,2816.88,.00,7606.65,2611.68,4345.78,2884.57,8309.64,2095.15,705.83
		 ,8360.65,8782.63,7936.14,1197.63,7795.40,3847.90,4081.58,8547.83,2655.05,8955.53
		 ,2994.65,7786.48,2251.94,8587.85,8697.26,4481.34,4671.50,8727.49,6093.22,9718.90
		 ,8849.05,7929.88,3921.91,4215.85,8041.73,4353.20,2959.83,7873.33,8792.55,3145.48
		 ,7743.34,8394.26,3118.46,2435.93,6311.26,2646.36,3107.46,7761.88,4062.67,4266.10
		 ,6251.02,2187.15,3983.71,4721.95,8287.22,9655.27,7954.76,8828.48,4327.96,3138.12
		 ,3703.02,4117.90,3881.63},

		  {3447.16,944.73,5079.18,7606.65,.00,7884.80,3438.67,9928.32,726.76,7386.12,7131.95
		 ,1749.23,1558.60,629.71,6649.61,200.32,4082.49,3659.18,4807.58,7956.16,1594.48
		 ,4816.93,186.18,9286.26,2374.43,2604.39,3256.33,3401.74,1121.78,10525.49,2277.28
		 ,1259.74,1119.78,3840.97,6685.81,863.79,3438.61,6720.20,279.22,2294.56,7291.89
		 ,2487.97,2697.28,7294.06,9399.35,10097.07,7933.87,7711.47,443.31,3735.56,3470.92
		 ,9764.73,6170.11,3659.71,2985.54,2099.50,2609.56,368.57,1238.90,7861.85,4468.64
		 ,4041.40,3494.04,3727.92},

		  {5679.00,8327.19,4868.84,2611.68,7884.80,.00,5875.91,2087.95,8280.86,759.44,2268.60
		 ,7428.88,8063.48,7779.93,3621.32,7982.95,5688.25,5603.97,11155.18,84.57,8287.86
		 ,4899.39,7988.64,1622.91,7251.81,7219.35,5899.95,6447.45,8726.25,4690.00,8759.80
		 ,8918.82,7431.96,5521.98,1829.60,7721.14,5892.69,1168.94,8030.66,7507.16,748.03
		 ,6448.96,6884.66,730.37,1645.14,4677.16,60.98,513.17,7730.49,5683.67,5736.42
		 ,4399.92,4676.80,5291.62,6023.39,7135.44,10431.80,8065.60,8902.74,6630.40,4351.39
		 ,5325.07,5225.78,5015.27},

		  {247.53,4383.34,1641.18,4345.78,3438.67,5875.91,.00,7175.76,4163.02,5126.38,4079.34
		 ,4867.21,4935.52,3949.98,3254.91,3638.98,684.90,279.62,5843.37,5959.39,5014.26
		 ,1389.69,3624.36,6488.44,5427.95,5655.14,215.18,661.72,4497.06,10412.24,5715.77
		 ,4579.22,4208.57,423.95,6033.29,4140.48,21.11,5088.37,3717.71,5467.48,5757.20
		 ,5001.10,5568.63,5739.52,6663.33,10527.61,5936.64,6080.47,3739.08,297.23,156.13
		 ,10273.85,2751.37,624.09,486.73,5065.79,5370.94,3807.24,4559.87,5428.51,1524.82
		 ,642.99,843.26,956.73},

		  {7054.43,10407.02,5701.19,2884.57,9928.32,2087.95,7175.76,.00,10368.79,2542.41,3100.87
		 ,9402.51,10040.68,9867.88,4068.49,10047.63,6726.40,6900.69,9706.03,2025.84,10254.23
		 ,5868.50,10051.10,701.48,9081.10,8979.02,7282.61,7552.52,10809.52,3237.72,10478.04
		 ,11002.30,9503.61,6757.35,3628.00,9803.11,7185.93,3254.42,10101.47,9324.58,2763.05
		 ,8383.63,8674.44,2754.41,548.76,3428.34,2046.03,2368.06,9813.80,6907.47,7075.97
		 ,3379.46,4953.15,6723.38,7491.77,9059.75,12323.32,10143.19,10987.05,5315.02,5786.48
		 ,6537.29,6775.93,6538.74},

		  {4173.91,226.42,5804.06,8309.64,726.76,8280.86,4163.02,10368.79,.00,7878.83,7802.85
		 ,1334.51,934.07,500.98,7375.06,527.60,4800.80,4385.63,4637.50,8343.26,911.07
		 ,5543.28,540.60,9807.35,1911.39,2119.90,3982.35,4098.85,469.55,9910.83,1553.22
		 ,652.40,928.70,4567.08,6857.11,598.85,4162.56,7115.39,448.11,1769.80,7618.43
		 ,2273.72,2291.17,7625.23,9889.12,9505.44,8322.91,8025.02,588.82,4460.11,4197.25
		 ,9237.93,6885.16,4383.14,3712.11,1723.34,2152.97,360.70,633.86,8267.64,5173.83
		 ,4768.07,4209.32,4440.93},

		  {4934.91,7965.55,4122.25,2095.15,7386.12,759.44,5126.38,2542.41,7878.83,.00,1616.77
		 ,7235.28,7840.62,7384.56,2967.45,7510.60,4928.84,4852.60,10556.62,840.13,8063.75
		 ,4143.80,7513.00,1928.60,7178.42,7192.48,5158.25,5690.15,8344.32,5403.94,8656.76
		 ,8531.13,7111.74,4766.51,2124.48,7366.62,5142.75,966.42,7568.04,7428.89,1057.90
		 ,6328.21,6855.25,1030.61,2019.15,5416.24,818.67,1120.40,7300.47,4928.32,4989.31
		 ,5152.94,4014.08,4550.82,5293.49,6996.68,9995.48,7616.28,8512.68,6350.68,3603.86
		 ,4567.86,4501.74,4284.84},

		  {3953.58,7971.77,2723.98,705.83,7131.95,2268.60,4079.34,3100.87,7802.85,1616.77,.00
		 ,7708.49,8172.56,7389.29,1356.42,7309.73,3685.41,3802.52,8945.21,2329.77,8360.51
		 ,2831.60,7303.45,2409.28,7899.56,8000.61,4181.76,4507.70,8247.59,6333.03,9110.41
		 ,8391.52,7325.42,3665.11,3672.38,7469.76,4090.34,2367.86,7384.76,8111.70,2667.21
		 ,7048.27,7693.47,2639.92,2584.11,6483.49,2315.40,2717.41,7231.53,3819.01,3975.88
		 ,6343.42,2410.25,3628.29,4393.81,7609.97,9446.85,7460.20,8370.68,4977.61,2710.78
		 ,3446.00,3707.85,3468.49},

		  {4799.05,1196.93,6427.05,8360.65,1749.23,7428.88,4867.21,9402.51,1334.51,7235.28,7708.49
		 ,.00,640.44,1120.41,7757.90,1600.63,5550.36,5025.79,5755.69,7472.85,861.63
		 ,6133.89,1621.34,9051.70,626.62,859.93,4658.82,4997.90,1544.58,8786.14,1448.99
		 ,1708.00,679.84,5211.76,5774.61,886.28,4873.31,6333.00,1553.63,601.14,6698.21
		 ,1022.18,965.19,6711.41,9062.63,8353.01,7456.91,7064.90,1313.07,5147.13,4851.80
		 ,8016.62,7588.45,4887.06,4381.27,390.27,3084.04,1487.29,1701.93,9583.98,5453.28
		 ,5375.22,4631.85,4828.19},

		  {4908.58,730.05,6557.32,8782.63,1558.60,8063.48,4935.52,10040.68,934.07,7840.62,8172.56
		 ,640.44,.00,986.41,8026.94,1369.47,5601.16,5130.45,5121.52,8109.03,225.02
		 ,6278.01,1388.38,9685.22,1052.85,1231.73,4739.36,4954.31,983.46,8993.57,938.79
		 ,1120.54,852.82,5316.38,6413.55,801.71,4938.12,6955.52,1300.38,865.99,7336.01
		 ,1657.12,1461.60,7348.84,9701.00,8579.92,8092.71,7704.90,1199.09,5228.22,4946.59
		 ,8303.91,7686.55,5059.06,4461.75,987.48,2444.21,1214.65,1118.39,9148.72,5737.85
		 ,5501.62,4838.97,5054.83},

		  {3928.29,596.03,5576.26,7936.14,629.71,7779.93,3949.98,9867.88,500.98,7384.56,7389.29
		 ,1120.41,986.41,.00,7081.81,486.29,4614.75,4148.71,5109.46,7842.51,1075.95
		 ,5300.33,506.84,9312.88,1744.90,1974.67,3755.21,3978.09,959.90,9898.14,1823.53
		 ,1148.51,526.30,4334.17,6382.00,234.22,3952.35,6614.44,452.18,1668.16,7120.45
		 ,1921.40,2074.32,7126.89,9390.51,9468.10,7822.11,7528.82,214.00,4243.34,3963.80
		 ,9137.00,6700.52,4094.79,3478.16,1477.90,2653.88,408.09,1130.77,8478.64,4823.96
		 ,4522.73,3890.90,4114.33},

		  {3211.07,7585.54,1653.97,1197.63,6649.61,3621.32,3254.91,4068.49,7375.06,2967.45,1356.42
		 ,7757.90,8026.94,7081.81,.00,6847.64,2697.76,3009.15,7590.64,3679.89,8154.33
		 ,1868.55,6835.30,3448.71,8153.36,8325.82,3415.30,3509.66,7741.29,7236.33,8903.12
		 ,7831.99,7200.94,2835.28,4958.28,7232.59,3259.23,3632.52,6927.14,8297.30,4006.94
		 ,7411.50,8090.06,3979.82,3632.72,7483.11,3666.46,4073.69,6884.68,2961.25,3197.93
		 ,7443.97,1055.56,2994.07,3675.99,7801.67,8468.60,7014.46,7812.41,3984.39,2305.63
		 ,2624.07,3191.79,2972.54},

		  {3646.75,744.45,5279.46,7795.40,200.32,7982.95,3638.98,10047.63,527.60,7510.60,7309.73
		 ,1600.63,1369.47,486.29,6847.64,.00,4282.35,3859.15,4773.73,8052.01,1397.44
		 ,5016.92,20.71,9423.88,2221.33,2447.94,3456.46,3597.63,938.29,10352.91,2077.01
		 ,1087.10,1004.77,4041.07,6716.75,716.92,3638.93,6814.94,79.51,2127.92,7368.57
		 ,2394.56,2559.01,7372.06,9528.90,9929.61,8030.19,7785.81,346.41,3935.87,3670.95
		 ,9614.31,6369.67,3856.42,3185.43,1963.42,2486.66,168.28,1066.37,7992.75,4657.41
		 ,4241.18,3686.76,3919.70},

		  {806.34,5024.15,1044.37,3847.90,4082.49,5688.25,684.90,6726.40,4800.80,4928.84,3685.41
		 ,5550.36,5601.16,4614.75,2697.76,4282.35,.00,596.95,5860.94,5768.33,5669.98
		 ,859.41,4266.72,6064.01,6112.85,6339.95,897.53,827.11,5108.59,9933.52,6352.69
		 ,5175.29,4888.94,453.70,6154.93,4810.95,677.63,5062.35,4360.10,6150.98,5697.00
		 ,5673.31,6250.16,5675.98,6245.06,10153.48,5747.22,5969.20,4402.33,430.76,728.90
		 ,10024.39,2088.85,955.92,1171.59,5750.61,5816.27,4450.00,5156.72,4802.99,1490.35
		 ,484.94,1272.09,1257.34},

		  {226.96,4603.17,1427.57,4081.58,3659.18,5603.97,279.62,6900.69,4385.63,4852.60,3802.52
		 ,5025.79,5130.45,4148.71,3009.15,3859.15,596.95,.00,6088.59,5687.22,5219.92
		 ,1157.79,3845.34,6211.80,5568.24,5791.02,406.16,884.86,4734.05,10135.45,5935.03
		 ,4822.95,4378.91,186.58,5818.88,4330.90,293.42,4838.00,3938.36,5623.04,5502.29
		 ,5092.58,5683.89,5484.00,6386.11,10248.65,5664.61,5818.17,3940.31,179.52,188.97
		 ,10003.71,2568.19,421.09,673.91,5202.95,5646.29,4027.31,4803.32,5399.91,1255.96
		 ,385.09,707.72,758.97},

		  {6073.28,4665.71,6524.45,8547.83,4807.58,11155.18,5843.37,9706.03,4637.50,10556.62,8945.21
		 ,5755.69,5121.52,5109.46,7590.64,4773.73,5860.94,6088.59,.00,11188.16,4910.92
		 ,6554.74,4761.69,9875.45,6077.27,6161.76,5877.94,5204.67,4267.29,8151.34,4618.16
		 ,4083.25,5561.42,6124.69,11489.92,5235.85,5823.80,10920.96,4750.05,5829.18,11541.38
		 ,6777.47,6478.06,11517.29,9939.10,8306.78,11183.32,11654.15,5090.00,5970.13,5996.51
		 ,8690.05,6542.54,6465.13,5829.24,6105.69,2692.91,4744.75,4093.72,4622.33,7320.40
		 ,6290.62,6616.42,6785.54},

		  {5762.94,8385.74,4943.27,2655.05,7956.16,84.57,5959.39,2025.84,8343.26,840.13,2329.77
		 ,7472.85,8109.03,7842.51,3679.89,8052.01,5768.33,5687.22,11188.16,.00,8333.01
		 ,4976.77,8057.97,1580.94,7283.88,7246.59,5984.04,6529.49,8785.94,4605.50,8791.03
		 ,8978.66,7488.18,5604.52,1839.11,7780.09,5976.13,1237.08,8098.83,7539.15,779.41
		 ,6487.58,6912.91,764.01,1594.90,4592.87,24.11,499.37,7796.22,5766.24,5820.13
		 ,4316.80,4735.44,5375.73,6107.88,7174.49,10491.56,8132.57,8962.83,6634.55,4434.98
		 ,5407.11,5310.33,5099.72},

		  {5000.96,687.92,6647.17,8955.53,1594.48,8287.86,5014.26,10254.23,911.07,8063.75,8360.51
		 ,861.63,225.02,1075.95,8154.33,1397.44,5669.98,5219.92,4910.92,8333.01,.00
		 ,6373.94,1414.71,9909.89,1219.96,1376.41,4823.38,4994.97,852.11,9000.05,765.84
		 ,962.93,1035.61,5404.73,6629.60,925.74,5015.68,7180.47,1322.71,1007.67,7559.34
		 ,1872.09,1633.16,7572.34,9924.09,8597.68,8316.81,7926.36,1280.49,5309.37,5033.95
		 ,8347.42,7758.82,5170.50,4547.59,1194.78,2227.57,1233.49,964.07,9019.46,5880.69
		 ,5596.01,4962.54,5183.25},

		  {1373.35,5760.96,300.20,2994.65,4816.93,4899.39,1389.69,5868.50,5543.28,4143.80,2831.60
		 ,6133.89,6278.01,5300.33,1868.55,5016.92,859.41,1157.79,6554.74,4976.77,6373.94
		 ,.00,5003.07,5204.60,6643.19,6855.85,1561.30,1686.49,5886.14,9087.28,7092.73
		 ,5968.73,5505.48,976.59,5589.62,5476.70,1392.97,4393.83,5096.12,6722.72,4988.58
		 ,6075.78,6709.39,4965.54,5385.67,9294.36,4956.76,5221.29,5093.53,1094.13,1346.03
		 ,9174.96,1464.03,1249.15,1831.64,6275.92,6674.60,5185.10,5949.43,4636.78,1105.89
		 ,777.99,1527.40,1372.52},

		  {3633.33,758.98,5265.03,7786.48,186.18,7988.64,3624.36,10051.10,540.60,7513.00,7303.45
		 ,1621.34,1388.38,506.84,6835.30,20.71,4266.72,3845.34,4761.69,8057.97,1414.71
		 ,5003.07,.00,9424.71,2242.01,2468.58,3442.40,3580.26,945.33,10372.86,2091.45
		 ,1091.68,1024.82,4027.06,6728.93,737.59,3624.21,6820.89,93.42,2148.33,7376.53
		 ,2414.12,2579.69,7379.89,9530.89,9949.82,8036.10,7794.06,364.49,3921.31,3657.05
		 ,9634.95,6353.75,3844.71,3171.71,1984.07,2483.69,183.28,1070.91,7972.12,4648.38
		 ,4227.59,3676.53,3909.77},

		  {6360.48,9890.50,5053.55,2251.94,9286.26,1622.91,6488.44,701.48,9807.35,1928.60,2409.28
		 ,9051.70,9685.22,9312.88,3448.71,9423.88,6064.01,6211.80,9875.45,1580.94,9909.89
		 ,5204.60,9424.71,.00,8853.16,8799.78,6589.31,6891.07,10272.75,3923.82,10352.35
		 ,10459.70,9019.40,6072.87,3360.40,9287.92,6499.27,2742.05,9485.02,9107.67,2359.15
		 ,8068.04,8471.26,2344.58,184.01,4090.49,1596.12,2016.54,9227.40,6225.31,6384.72
		 ,4001.24,4390.70,6024.96,6794.13,8755.08,11847.59,9537.64,10441.20,5283.74,5085.72
		 ,5853.28,6074.51,5837.42},

		  {5341.44,1742.78,6941.03,8587.85,2374.43,7251.81,5427.95,9081.10,1911.39,7178.42,7899.56
		 ,626.62,1052.85,1744.90,8153.36,2221.33,6112.85,5568.24,6077.27,7283.88,1219.96
		 ,6643.19,2242.01,8853.16,.00,236.02,5216.14,5597.57,2035.61,8159.53,1508.13
		 ,2171.66,1297.62,5752.35,5499.88,1510.71,5435.52,6232.75,2170.95,255.34,6505.20
		 ,866.07,413.48,6521.86,8828.70,7726.45,7270.97,6836.64,1939.56,5699.63,5400.73
		 ,7393.41,8106.92,5394.71,4941.30,367.28,3385.51,2100.64,2170.24,10178.79,5874.63
		 ,5902.87,5121.32,5301.98},

		  {5564.44,1941.95,7154.57,8697.26,2604.39,7219.35,5655.14,8979.02,2119.90,7192.48,8000.61
		 ,859.93,1231.73,1974.67,8325.82,2447.94,6339.95,5791.02,6161.76,7246.59,1376.41
		 ,6855.85,2468.58,8799.78,236.02,.00,5442.73,5832.13,2213.15,7926.95,1552.71
		 ,2338.19,1533.34,5974.49,5439.40,1740.70,5663.03,6236.54,2395.63,368.89,6471.32
		 ,954.46,337.83,6489.23,8762.13,7494.64,7234.95,6786.85,2171.58,5924.70,5625.23
		 ,7166.38,8319.84,5608.83,5168.70,589.35,3479.77,2323.39,2338.39,10378.89,6062.96
		 ,6121.54,5331.05,5507.04},

		  {229.83,4200.79,1824.80,4481.34,3256.33,5899.95,215.18,7282.61,3982.35,5158.25,4181.76
		 ,4658.82,4739.36,3755.21,3415.30,3456.46,897.53,406.16,5877.94,5984.04,4823.38
		 ,1561.30,3442.40,6589.31,5216.14,5442.73,.00,774.58,4328.07,10505.89,5533.16
		 ,4416.86,4003.06,584.77,5959.40,3942.06,226.79,5065.86,3535.55,5258.60,5741.15
		 ,4785.96,5354.08,5724.63,6761.22,10574.39,5960.90,6078.65,3545.45,490.35,217.44
		 ,10278.88,2950.27,608.38,278.66,4853.42,5265.09,3624.71,4397.22,5637.89,1558.37
		 ,791.24,748.82,908.79},

		  {907.97,4325.06,1857.86,4671.50,3401.74,6447.45,661.72,7552.52,4098.85,5690.15,4507.70
		 ,4997.90,4954.31,3978.09,3509.66,3597.63,827.11,884.86,5204.67,6529.49,4994.97
		 ,1686.49,3580.26,6891.07,5597.57,5832.13,774.58,.00,4365.57,10740.24,5633.96
		 ,4415.09,4319.77,930.63,6693.47,4191.40,640.78,5720.26,3672.33,5595.02,6380.94
		 ,5296.42,5798.86,6362.11,7072.01,10980.38,6507.50,6687.02,3764.20,771.02,817.59
		 ,10830.99,2806.18,1280.88,904.01,5250.39,4989.80,3761.72,4397.44,5034.28,2125.57
		 ,1122.39,1500.71,1616.97},

		  {4530.23,404.43,6133.66,8727.49,1121.78,8726.25,4497.06,10809.52,469.55,8344.32,8247.59
		 ,1544.58,983.46,959.90,7741.29,938.29,5108.59,4734.05,4267.29,8785.94,852.11
		 ,5886.14,945.33,10272.75,2035.61,2213.15,4328.07,4365.57,.00,9716.46,1280.81
		 ,192.80,1310.87,4911.04,7237.11,1006.42,4494.62,7565.26,862.84,1845.34,8047.65
		 ,2550.00,2441.83,8055.82,10348.51,9344.57,8766.23,8447.48,1057.79,4793.73,4545.09
		 ,9141.78,7171.20,4765.74,4065.34,1928.38,1705.71,788.59,177.95,8171.81,5589.93
		 ,5118.93,4611.67,4846.79},

		  {10276.08,9687.69,8890.30,6093.22,10525.49,4690.00,10412.24,3237.72,9910.83,5403.94,6333.03
		 ,8786.14,8993.57,9898.14,7236.33,10352.91,9933.52,10135.45,8151.34,4605.50,9000.05
		 ,9087.28,10372.86,3923.82,8159.53,7926.95,10505.89,10740.24,9716.46,.00,8435.72
		 ,9689.21,9445.72,9995.04,5081.60,9665.43,10422.91,5662.05,10289.39,8230.99,4982.07
		 ,8185.36,7861.31,4993.29,3749.36,437.80,4629.38,4598.26,10098.45,10144.80,10306.25
		 ,857.64,7954.45,9919.23,10684.29,8456.23,9088.43,10206.29,9705.65,6413.03,8962.97
		 ,9775.00,9904.38,9682.20},

		  {5720.71,1332.56,7356.46,9718.90,2277.28,8759.80,5715.77,10478.04,1553.22,8656.76,9110.41
		 ,1448.99,938.79,1823.53,8903.12,2077.01,6352.69,5935.03,4618.16,8791.03,765.84
		 ,7092.73,2091.45,10352.35,1508.13,1552.71,5533.16,5633.96,1280.81,8435.72,.00
		 ,1275.57,1790.16,6117.57,6992.06,1689.40,5715.50,7726.73,1998.14,1252.80,8012.84
		 ,2333.56,1881.55,8029.70,10312.32,8066.53,8778.42,8337.83,2018.49,6012.75,5747.15
		 ,7886.00,8432.97,5910.92,5261.13,1660.09,1963.64,1908.73,1289.00,9070.30,6642.81
		 ,6315.89,5713.96,5937.86},

		  {4623.97,596.26,6208.45,8849.05,1259.74,8918.82,4579.22,11002.30,652.40,8531.13,8391.52
		 ,1708.00,1120.54,1148.51,7831.99,1087.10,5175.29,4822.95,4083.25,8978.66,962.93
		 ,5968.73,1091.68,10459.70,2171.66,2338.19,4416.86,4415.09,192.80,9689.21,1275.57
		 ,.00,1502.29,4997.04,7423.65,1199.22,4575.76,7757.34,1015.36,1969.30,8240.24
		 ,2721.16,2581.89,8248.47,10538.82,9334.99,8958.92,8639.56,1236.31,4874.67,4634.27
		 ,9161.05,7220.13,4873.38,4158.98,2086.78,1513.05,948.13,20.85,8058.25,5716.33
		 ,5208.00,4731.30,4968.06},

		  {4153.13,906.45,5793.88,7929.88,1119.78,7431.96,4208.57,9503.61,928.70,7111.74,7325.42
		 ,679.84,852.82,526.30,7200.94,1004.77,4888.94,4378.91,5561.42,7488.18,1035.61
		 ,5505.48,1024.82,9019.40,1297.62,1533.34,4003.06,4319.77,1310.87,9445.72,1790.16
		 ,1502.29,.00,4565.43,5936.13,333.19,4213.74,6282.08,977.39,1275.37,6740.64
		 ,1395.14,1586.42,6749.53,9071.52,9009.71,7469.25,7137.64,676.82,4493.00,4201.06
		 ,8653.70,6946.98,4267.14,3724.59,989.78,3006.12,933.48,1488.63,8980.78,4901.17
		 ,4737.36,4028.92,4236.94},

		  {412.74,4785.33,1242.45,3921.91,3840.97,5521.98,423.95,6757.35,4567.08,4766.51,3665.11
		 ,5211.76,5316.38,4334.17,2835.28,4041.07,453.70,186.58,6124.69,5604.52,5404.73
		 ,976.59,4027.06,6072.87,5752.35,5974.49,584.77,930.63,4911.04,9995.04,6117.57
		 ,4997.04,4565.43,.00,5820.16,4517.06,431.43,4797.43,4120.18,5808.70,5453.56
		 ,5267.92,5864.01,5434.35,6248.97,10134.37,5582.28,5756.44,4125.47,161.86,370.87
		 ,9918.21,2381.63,503.93,857.41,5386.77,5788.93,4209.29,4977.54,5246.15,1197.43
		 ,220.19,818.47,818.57},

		  {5790.11,6836.12,5687.62,4215.85,6685.81,1829.60,6033.29,3628.00,6857.11,2124.48,3672.38
		 ,5774.61,6413.55,6382.00,4958.28,6716.75,6154.93,5818.88,11489.92,1839.11,6629.60
		 ,5589.62,6728.93,3360.40,5499.88,5439.40,5959.40,6693.47,7237.11,5081.60,6992.06
		 ,7423.65,5936.13,5820.16,.00,6259.57,6054.01,1326.45,6739.97,5752.83,1115.50
		 ,4757.51,5111.90,1139.96,3328.81,4865.66,1831.85,1355.18,6399.92,5961.83,5877.16
		 ,4441.26,5945.08,5412.77,5958.23,5438.47,8857.17,6745.21,7412.32,8439.20,4664.69
		 ,5687.57,5210.71,5076.72},

		  {4108.34,606.30,5757.02,8041.73,863.79,7721.14,4140.48,9803.11,598.85,7366.62,7469.76
		 ,886.28,801.71,234.22,7232.59,716.92,4810.95,4330.90,5235.85,7780.09,925.74
		 ,5476.70,737.59,9287.92,1510.71,1740.70,3942.06,4191.40,1006.42,9665.43,1689.40
		 ,1199.22,333.19,4517.06,6259.57,.00,4143.69,6563.04,676.04,1437.39,7041.89
		 ,1715.72,1842.10,7049.83,9351.44,9234.68,7760.52,7443.65,436.21,4431.70,4147.83
		 ,8902.90,6891.67,4258.00,3663.95,1246.73,2711.49,619.94,1183.99,8709.30,4954.95
		 ,4700.73,4041.70,4260.23},

		  {268.63,4383.19,1642.10,4353.20,3438.61,5892.69,21.11,7185.93,4162.56,5142.75,4090.34
		 ,4873.31,4938.12,3952.35,3259.23,3638.93,677.63,293.42,5823.80,5976.13,5015.68
		 ,1392.97,3624.21,6499.27,5435.52,5663.03,226.79,640.78,4494.62,10422.91,5715.50
		 ,4575.76,4213.74,431.43,6054.01,4143.69,.00,5107.57,3717.58,5473.75,5776.08
		 ,5012.37,5578.12,5758.34,6674.42,10542.06,5953.41,6098.66,3741.22,299.12,176.91
		 ,10291.12,2748.52,644.31,494.33,5073.68,5360.66,3807.16,4556.46,5413.73,1541.89
		 ,651.16,864.36,977.38},

		  {4863.44,7169.28,4451.22,2959.83,6720.20,1168.94,5088.37,3254.42,7115.39,966.42,2367.86
		 ,6333.00,6955.52,6614.44,3632.52,6814.94,5062.35,4838.00,10920.96,1237.08,7180.47
		 ,4393.83,6820.89,2742.05,6232.75,6236.54,5065.86,5720.26,7565.26,5662.05,7726.73
		 ,7757.34,6282.08,4797.43,1326.45,6563.04,5107.57,.00,6862.02,6485.48,682.37
		 ,5393.17,5898.81,669.51,2789.91,5568.99,1215.27,1070.72,6561.85,4952.81,4936.87
		 ,5218.78,4621.80,4470.09,5136.36,6070.66,9268.26,6896.66,7740.75,7275.16,3600.99
		 ,4630.34,4338.86,4157.20},

		  {3726.11,665.63,5358.33,7873.33,279.22,8030.66,3717.71,10101.47,448.11,7568.04,7384.76
		 ,1553.63,1300.38,452.18,6927.14,79.51,4360.10,3938.36,4750.05,8098.83,1322.71
		 ,5096.12,93.42,9485.02,2170.95,2395.63,3535.55,3672.33,862.84,10289.39,1998.14
		 ,1015.36,977.39,4120.18,6739.97,676.04,3717.58,6862.02,.00,2070.77,7408.70
		 ,2371.56,2515.36,7412.68,9587.05,9868.73,8077.20,7824.81,345.96,4014.64,3750.12
		 ,9561.16,6447.03,3935.87,3264.68,1921.75,2431.36,89.94,994.72,8034.54,4735.47
		 ,4320.48,3765.65,3998.41},

		  {5396.16,1584.05,7017.66,8792.55,2294.56,7507.16,5467.48,9324.58,1769.80,7428.89,8111.70
		 ,601.14,865.99,1668.16,8297.30,2127.92,6150.98,5623.04,5829.18,7539.15,1007.67
		 ,6722.72,2148.33,9107.67,255.34,368.89,5258.60,5595.02,1845.34,8230.99,1252.80
		 ,1969.30,1275.37,5808.70,5752.83,1437.39,5473.75,6485.48,2070.77,.00,6760.51
		 ,1106.50,650.18,6777.19,9081.51,7803.30,7526.27,7091.14,1873.37,5746.36,5450.27
		 ,7492.08,8181.46,5474.09,4981.31,507.87,3139.30,1994.37,1969.53,10014.69,6002.30
		 ,5969.02,5211.69,5401.68},

		  {5535.77,7644.32,5016.98,3145.48,7291.89,748.03,5757.20,2763.05,7618.43,1057.90,2667.21
		 ,6698.21,7336.01,7120.45,4006.94,7368.57,5697.00,5502.29,11541.38,779.41,7559.34
		 ,4988.58,7376.53,2359.15,6505.20,6471.32,5741.15,6380.94,8047.65,4982.07,8012.84
		 ,8240.24,6740.64,5453.56,1115.50,7041.89,5776.08,682.37,7408.70,6760.51,.00
		 ,5708.90,6136.69,27.32,2365.04,4886.87,765.88,421.19,7091.73,5610.94,5607.08
		 ,4540.52,5041.96,5142.11,5816.82,6395.93,9745.34,7434.22,8225.51,7323.73,4256.22
		 ,5279.14,5018.19,4833.17},

		  {4871.47,2177.36,6375.73,7743.34,2487.97,6448.96,5001.10,8383.63,2273.72,6328.21,7048.27
		 ,1022.18,1657.12,1921.40,7411.50,2394.56,5673.31,5092.58,6777.47,6487.58,1872.09
		 ,6075.78,2414.12,8068.04,866.07,954.46,4785.96,5296.42,2550.00,8185.36,2333.56
		 ,2721.16,1395.14,5267.92,4757.51,1715.72,5012.37,5393.17,2371.56,1106.50,5708.90
		 ,.00,678.93,5723.64,8064.88,7749.53,6472.95,6062.90,2055.09,5244.57,4944.63
		 ,7350.07,7523.67,4852.23,4526.03,687.11,4099.66,2328.43,2713.74,10263.19,5195.81
		 ,5387.04,4553.70,4704.94},

		  {5459.15,2134.67,7009.53,8394.26,2697.28,6884.66,5568.63,8674.44,2291.17,6855.25,7693.47
		 ,965.19,1461.60,2074.32,8090.06,2559.01,6250.16,5683.89,6478.06,6912.91,1633.16
		 ,6709.39,2579.69,8471.26,413.48,337.83,5354.08,5798.86,2441.83,7861.31,1881.55
		 ,2581.89,1586.42,5864.01,5111.90,1842.10,5578.12,5898.81,2515.36,650.18,6136.69
		 ,678.93,.00,6154.37,8438.49,7424.55,6900.99,6456.30,2255.20,5826.92,5526.10
		 ,7069.00,8167.67,5471.80,5085.35,597.92,3789.29,2451.20,2579.96,10548.91,5862.25
		 ,5997.47,5182.27,5345.14},

		  {5518.69,7652.72,4992.85,3118.46,7294.06,730.37,5739.52,2754.41,7625.23,1030.61,2639.92
		 ,6711.41,7348.84,7126.89,3979.82,7372.06,5675.98,5484.00,11517.29,764.01,7572.34
		 ,4965.54,7379.89,2344.58,6521.86,6489.23,5724.63,6362.11,8055.82,4993.29,8029.70
		 ,8248.47,6749.53,5434.35,1139.96,7049.83,5758.34,669.51,7412.68,6777.19,27.32
		 ,5723.64,6154.37,.00,2352.43,4900.85,749.90,422.23,7096.70,5591.92,5589.62
		 ,4556.46,5015.08,5125.00,5801.81,6410.61,9754.87,7438.81,8233.63,7299.25,4237.10
		 ,5259.27,5002.80,4816.88},

		  {6532.06,9957.15,5236.42,2435.93,9399.35,1645.14,6663.33,548.76,9889.12,2019.15,2584.11
		 ,9062.63,9701.00,9390.51,3632.72,9528.90,6245.06,6386.11,9939.10,1594.90,9924.09
		 ,5385.67,9530.89,184.01,8828.70,8762.13,6761.22,7072.01,10348.51,3749.36,10312.32
		 ,10538.82,9071.52,6248.97,3328.81,9351.44,6674.42,2789.91,9587.05,9081.51,2365.04
		 ,8064.88,8438.49,2352.43,.00,3910.18,1612.18,2002.03,9316.62,6402.11,6557.85
		 ,3817.59,4572.71,6192.90,6962.64,8751.39,11998.39,9635.29,10521.25,5378.79,5250.15
		 ,6029.61,6235.89,5999.60},

		  {10349.76,9285.28,9127.83,6311.26,10097.07,4677.16,10527.61,3428.34,9505.44,5416.24,6483.49
		 ,8353.01,8579.92,9468.10,7483.11,9929.61,10153.48,10248.65,8306.78,4592.87,8597.68
		 ,9294.36,9949.82,4090.49,7726.45,7494.64,10574.39,10980.38,9344.57,437.80,8066.53
		 ,9334.99,9009.71,10134.37,4865.66,9234.68,10542.06,5568.99,9868.73,7803.30,4886.87
		 ,7749.53,7424.55,4900.85,3910.18,.00,4616.18,4525.84,9666.00,10293.06,10399.16
		 ,467.25,8268.79,9967.01,10694.60,8020.00,8902.08,9787.67,9350.11,6850.46,9017.35
		 ,9919.29,9893.12,9690.35},

		  {5739.90,8366.28,4924.39,2646.36,7933.87,60.98,5936.64,2046.03,8322.91,818.67,2315.40
		 ,7456.91,8092.71,7822.11,3666.46,8030.19,5747.22,5664.61,11183.32,24.11,8316.81
		 ,4956.76,8036.10,1596.12,7270.97,7234.95,5960.90,6507.50,8766.23,4629.38,8778.42
		 ,8958.92,7469.25,5582.28,1831.85,7760.52,5953.41,1215.27,8077.20,7526.27,765.88
		 ,6472.95,6900.99,749.90,1612.18,4616.18,.00,497.62,7775.12,5743.99,5797.25
		 ,4339.33,4722.02,5352.56,6084.36,7159.78,10471.92,8111.20,8943.03,6637.67,4412.17
		 ,5385.12,5286.70,5076.25},

		  {5866.99,8043.31,5221.33,3107.46,7711.47,513.17,6080.47,2368.06,8025.02,1120.40,2717.41
		 ,7064.90,7704.90,7528.82,4073.69,7785.81,5969.20,5818.17,11654.15,499.37,7926.36
		 ,5221.29,7794.06,2016.54,6836.64,6786.85,6078.65,6687.02,8447.48,4598.26,8337.83
		 ,8639.56,7137.64,5756.44,1355.18,7443.65,6098.66,1070.72,7824.81,7091.14,421.19
		 ,6062.90,6456.30,422.23,2002.03,4525.84,497.62,.00,7505.21,5916.19,5933.61
		 ,4200.46,5125.67,5473.94,6170.49,6749.36,10134.53,7848.68,8625.43,7133.63,4563.80
		 ,5572.27,5369.21,5174.99},

		  {3720.74,740.36,5367.84,7761.88,443.31,7730.49,3739.08,9813.80,588.82,7300.47,7231.53
		 ,1313.07,1199.09,214.00,6884.68,346.41,4402.33,3940.31,5090.00,7796.22,1280.49
		 ,5093.53,364.49,9227.40,1939.56,2171.58,3545.45,3764.20,1057.79,10098.45,2018.49
		 ,1236.31,676.82,4125.47,6399.92,436.21,3741.22,6561.85,345.96,1873.37,7091.73
		 ,2055.09,2255.20,7096.70,9316.62,9666.00,7775.12,7505.21,.00,4032.97,3754.87
		 ,9323.92,6488.89,3894.04,3268.85,1657.29,2713.85,346.30,1216.99,8305.15,4638.99
		 ,4315.65,3696.33,3922.06},

		  {375.60,4680.27,1344.00,4062.67,3735.56,5683.67,297.23,6907.47,4460.11,4928.32,3819.01
		 ,5147.13,5228.22,4243.34,2961.25,3935.87,430.76,179.52,5970.13,5766.24,5309.37
		 ,1094.13,3921.31,6225.31,5699.63,5924.70,490.35,771.02,4793.73,10144.80,6012.75
		 ,4874.67,4493.00,161.86,5961.83,4431.70,299.12,4952.81,4014.64,5746.36,5610.94
		 ,5244.57,5826.92,5591.92,6402.11,10293.06,5743.99,5916.19,4032.97,.00,300.85
		 ,10080.06,2460.21,591.30,769.01,5335.71,5638.40,4104.13,4855.39,5229.39,1354.89
		 ,373.98,886.18,924.31},

		  {98.27,4415.08,1613.23,4266.10,3470.92,5736.42,156.13,7075.97,4197.25,4989.31,3975.88
		 ,4851.80,4946.59,3963.80,3197.93,3670.95,728.90,188.97,5996.51,5820.13,5033.95
		 ,1346.03,3657.05,6384.72,5400.73,5625.23,217.44,817.59,4545.09,10306.25,5747.15
		 ,4634.27,4201.06,370.87,5877.16,4147.83,176.91,4936.87,3750.12,5450.27,5607.08
		 ,4944.63,5526.10,5589.62,6557.85,10399.16,5797.25,5933.61,3754.87,300.85,.00
		 ,10130.71,2747.54,469.21,486.54,5036.41,5471.39,3839.14,4614.63,5515.70,1385.53
		 ,573.95,691.55,800.64},

		  {10066.82,9026.98,9049.49,6251.02,9764.73,4399.92,10273.85,3379.46,9237.93,5152.94,6343.42
		 ,8016.62,8303.91,9137.00,7443.97,9614.31,10024.39,10003.71,8690.05,4316.80,8347.42
		 ,9174.96,9634.95,4001.24,7393.41,7166.38,10278.88,10830.99,9141.78,857.64,7886.00
		 ,9161.05,8653.70,9918.21,4441.26,8902.90,10291.12,5218.78,9561.16,7492.08,4540.52
		 ,7350.07,7069.00,4556.46,3817.59,467.25,4339.33,4200.46,9323.92,10080.06,10130.71
		 ,.00,8314.09,9674.20,10351.69,7666.90,8958.20,9486.32,9173.83,7232.14,8749.27
		 ,9714.89,9557.45,9372.86},

		  {2793.85,7109.61,1165.91,2187.15,6170.11,4676.80,2751.37,4953.15,6885.16,4014.08,2410.25
		 ,7588.45,7686.55,6700.52,1055.56,6369.67,2088.85,2568.19,6542.54,4735.44,7758.82
		 ,1464.03,6353.75,4390.70,8106.92,8319.84,2950.27,2806.18,7171.20,7954.45,8432.97
		 ,7220.13,6946.98,2381.63,5945.08,6891.67,2748.52,4621.80,6447.03,8181.46,5041.96
		 ,7523.67,8167.67,5015.08,4572.71,8268.79,4722.02,5125.67,6488.89,2460.21,2747.54
		 ,8314.09,.00,2712.23,3228.75,7739.65,7574.62,6536.96,7202.70,3382.67,2371.17
		 ,2213.23,2989.74,2822.57},

		  {393.69,4591.83,1546.33,3983.71,3659.71,5291.62,624.09,6723.38,4383.14,4550.82,3628.29
		 ,4887.06,5059.06,4094.79,2994.07,3856.42,955.92,421.09,6465.13,5375.73,5170.50
		 ,1249.15,3844.71,6024.96,5394.71,5608.83,608.38,1280.88,4765.74,9919.23,5910.92
		 ,4873.38,4267.14,503.93,5412.77,4258.00,644.31,4470.09,3935.87,5474.09,5142.11
		 ,4852.23,5471.80,5125.00,6192.90,9967.01,5352.56,5473.94,3894.04,591.30,469.21
		 ,9674.20,2712.23,.00,770.06,5027.44,5825.18,4022.45,4853.08,5723.26,956.99
		 ,544.73,320.47,339.46},

		  {465.08,3929.34,2099.66,4721.95,2985.54,6023.39,486.73,7491.77,3712.11,5293.49,4393.81
		 ,4381.27,4461.75,3478.16,3675.99,3185.43,1171.59,673.91,5829.24,6107.88,4547.59
		 ,1831.64,3171.71,6794.13,4941.30,5168.70,278.66,904.01,4065.34,10684.29,5261.13
		 ,4158.98,3724.59,857.41,5958.23,3663.95,494.33,5136.36,3264.68,4981.31,5816.82
		 ,4526.03,5085.35,5801.81,6962.64,10694.60,6084.36,6170.49,3268.85,769.01,486.54
		 ,10351.69,3228.75,770.06,.00,4579.35,5056.64,3353.56,4139.14,5872.21,1722.69
		 ,1056.14,801.56,1008.81},

		  {4976.25,1586.87,6573.76,8287.22,2099.50,7135.44,5065.79,9059.75,1723.34,6996.68,7609.97
		 ,390.27,987.48,1477.90,7801.67,1963.42,5750.61,5202.95,6105.69,7174.49,1194.78
		 ,6275.92,1984.07,8755.08,367.28,589.35,4853.42,5250.39,1928.38,8456.23,1660.09
		 ,2086.78,989.78,5386.77,5438.47,1246.73,5073.68,6070.66,1921.75,507.87,6395.93
		 ,687.11,597.92,6410.61,8751.39,8020.00,7159.78,6749.36,1657.29,5335.71,5036.41
		 ,7666.90,7739.65,5027.44,4579.35,.00,3419.93,1860.11,2081.73,9956.03,5515.28
		 ,5536.15,4754.33,4935.90},

		  {5493.38,2106.01,6839.40,9655.27,2609.56,10431.80,5370.94,12323.32,2152.97,9995.48,9446.85
		 ,3084.04,2444.21,2653.88,8468.60,2486.66,5816.27,5646.29,2692.91,10491.56,2227.57
		 ,6674.60,2483.69,11847.59,3385.51,3479.77,5265.09,4989.80,1705.71,9088.43,1963.64
		 ,1513.05,3006.12,5788.93,8857.17,2711.49,5360.66,9268.26,2431.36,3139.30,9745.34
		 ,4099.66,3789.29,9754.87,11998.39,8902.08,10471.92,10134.53,2713.85,5638.40,5471.39
		 ,8958.20,7574.62,5825.18,5056.64,3419.93,.00,2387.50,1529.07,7128.02,6762.47
		 ,6008.93,5773.13,6010.31},

		  {3814.71,576.18,5447.74,7954.76,368.57,8065.60,3807.24,10143.19,360.70,7616.28,7460.20
		 ,1487.29,1214.65,408.09,7014.46,168.28,4450.00,4027.31,4744.75,8132.57,1233.49
		 ,5185.10,183.28,9537.64,2100.64,2323.39,3624.71,3761.72,788.59,10206.29,1908.73
		 ,948.13,933.48,4209.29,6745.21,619.94,3807.16,6896.66,89.94,1994.37,7434.22
		 ,2328.43,2451.20,7438.81,9635.29,9787.67,8111.20,7848.68,346.30,4104.13,3839.14
		 ,9486.32,6536.96,4022.45,3353.56,1860.11,2387.50,.00,927.71,8097.82,4817.45
		 ,4409.24,3849.95,4082.16},

		  {4604.15,582.27,6189.53,8828.48,1238.90,8902.74,4559.87,10987.05,633.86,8512.68,8370.68
		 ,1701.93,1118.39,1130.77,7812.41,1066.37,5156.72,4803.32,4093.72,8962.83,964.07
		 ,5949.43,1070.91,10441.20,2170.24,2338.39,4397.22,4397.44,177.95,9705.65,1289.00
		 ,20.85,1488.63,4977.54,7412.32,1183.99,4556.46,7740.75,994.72,1969.53,8225.51
		 ,2713.74,2579.96,8233.63,10521.25,9350.11,8943.03,8625.43,1216.99,4855.39,4614.63
		 ,9173.83,7202.70,4853.08,4139.14,2081.73,1529.07,927.71,.00,8056.15,5695.62
		 ,5188.39,4710.70,4947.43},

		  {5602.14,8438.33,4359.15,4327.96,7861.85,6630.40,5428.51,5315.02,8267.64,6350.68,4977.61
		 ,9583.98,9148.72,8478.64,3984.39,7992.75,4802.99,5399.91,4622.33,6634.55,9019.46
		 ,4636.78,7972.12,5283.74,10178.79,10378.89,5637.89,5034.28,8171.81,6413.03,9070.30
		 ,8058.25,8980.78,5246.15,8439.20,8709.30,5413.73,7275.16,8034.54,10014.69,7323.73
		 ,10263.19,10548.91,7299.25,5378.79,6850.46,6637.67,7133.63,8305.15,5229.39,5515.70
		 ,7232.14,3382.67,5723.26,5872.21,9956.03,7128.02,8097.82,8056.15,.00,5697.92
		 ,5180.94,6042.75,5955.78},

		  {1332.42,5367.33,1351.89,3138.12,4468.64,4351.39,1524.82,5786.48,5173.83,3603.86,2710.78
		 ,5453.28,5737.85,4823.96,2305.63,4657.41,1490.35,1255.96,7320.40,4434.98,5880.69
		 ,1105.89,4648.38,5085.72,5874.63,6062.96,1558.37,2125.57,5589.93,8962.97,6642.81
		 ,5716.33,4901.17,1197.43,4664.69,4954.95,1541.89,3600.99,4735.47,6002.30,4256.22
		 ,5195.81,5862.25,4237.10,5250.15,9017.35,4412.17,4563.80,4638.99,1354.89,1385.53
		 ,8749.27,2371.17,956.99,1722.69,5515.28,6762.47,4817.45,5695.62,5697.92,.00
		 ,1032.79,997.08,757.71},

		  {595.45,4984.76,1057.40,3703.02,4041.40,5325.07,642.99,6537.29,4768.07,4567.86,3446.00
		 ,5375.22,5501.62,4522.73,2624.07,4241.18,484.94,385.09,6290.62,5407.11,5596.01
		 ,777.99,4227.59,5853.28,5902.87,6121.54,791.24,1122.39,5118.93,9775.00,6315.89
		 ,5208.00,4737.36,220.19,5687.57,4700.73,651.16,4630.34,4320.48,5969.02,5279.14
		 ,5387.04,5997.47,5259.27,6029.61,9919.29,5385.12,5572.27,4315.65,373.98,573.95
		 ,9714.89,2213.23,544.73,1056.14,5536.15,6008.93,4409.24,5188.39,5180.94,1032.79
		 ,.00,862.23,798.61},

		  {595.91,4410.81,1827.39,4117.90,3494.04,5225.78,843.26,6775.93,4209.32,4501.74,3707.85
		 ,4631.85,4838.97,3890.90,3191.79,3686.76,1272.09,707.72,6616.42,5310.33,4962.54
		 ,1527.40,3676.53,6074.51,5121.32,5331.05,748.82,1500.71,4611.67,9904.38,5713.96
		 ,4731.30,4028.92,818.47,5210.71,4041.70,864.36,4338.86,3765.65,5211.69,5018.19
		 ,4553.70,5182.27,5002.80,6235.89,9893.12,5286.70,5369.21,3696.33,886.18,691.55
		 ,9557.45,2989.74,320.47,801.56,4754.33,5773.13,3849.95,4710.70,6042.75,997.08
		 ,862.23,.00,239.39},

		  {716.15,4640.54,1671.73,3881.63,3727.92,5015.27,956.73,6538.74,4440.93,4284.84,3468.49
		 ,4828.19,5054.83,4114.33,2972.54,3919.70,1257.34,758.97,6785.54,5099.72,5183.25
		 ,1372.52,3909.77,5837.42,5301.98,5507.04,908.79,1616.97,4846.79,9682.20,5937.86
		 ,4968.06,4236.94,818.57,5076.72,4260.23,977.38,4157.20,3998.41,5401.68,4833.17
		 ,4704.94,5345.14,4816.88,5999.60,9690.35,5076.25,5174.99,3922.06,924.31,800.64
		 ,9372.86,2822.57,339.46,1008.81,4935.90,6010.31,4082.16,4947.43,5955.78,757.71
		 ,798.61,239.39,.00}
		};

	public static Hashtable<Integer, String> dict = new Hashtable<Integer , String>();  
        public static Airplane[] Airplanes  ;
        public static Airport[] Airports;
        public static boolean[] terminate1;
	public static double fastest = 540.0;
        public static int num_airports = 0;
        public static double termination = 11520.0;
	public static long numEvents =0;	
        public static double sentCount;
        public static double recCount;
        public  AirportSim(int n, int m)
        {
		dict.put(0,"AMS");
		dict.put(1,"ATL");
		dict.put(2,"AYT");
		dict.put(3,"BOM");
		dict.put(4,"BOS");
		dict.put(5,"CAN");
		dict.put(6,"CDG");
		dict.put(7,"CGK");
		dict.put(8,"CLT");
		dict.put(9,"CTU");
		dict.put(10,"DEL");
		dict.put(11,"DEN");
		dict.put(12,"DFW");
		dict.put(13,"DTW");
		dict.put(14,"DXB");
		dict.put(15,"EWR");
		dict.put(16,"FCO");
		dict.put(17,"FRA");
		dict.put(18,"GRU");
		dict.put(19,"HKG");
		dict.put(20,"IAH");
		dict.put(21,"IST");
		dict.put(22,"JFK");
		dict.put(23,"KUL");
		dict.put(24,"LAS");
		dict.put(25,"LAX");
		dict.put(26,"LHR");
		dict.put(27,"MAD");
		dict.put(28,"MCO");
		dict.put(29,"MEL");
		dict.put(30,"MEX");
		dict.put(31,"MIA");
		dict.put(32,"MSP");
		dict.put(33,"MUC");
		dict.put(34,"NRT");
		dict.put(35,"ORD");
		dict.put(36,"ORY");
		dict.put(37,"PEK");
		dict.put(38,"PHL");
		dict.put(39,"PHX");
		dict.put(40,"PVG");
		dict.put(41,"SEA");
		dict.put(42,"SFO");
		dict.put(43,"SHA");
		dict.put(44,"SIN");
		dict.put(45,"SYD");
		dict.put(46,"SZX");
		dict.put(47,"TPE");
		dict.put(48,"YYZ");
		dict.put(49,"ZRH");
		dict.put(50,"BRU");
		dict.put(51,"BNE");
		dict.put(52,"JED");
		dict.put(53,"CPH");
		dict.put(54,"DUB");
		dict.put(55,"SLC");
		dict.put(56,"BOG");
		dict.put(57,"BWI");
		dict.put(58,"FLL");
		dict.put(59,"JNB");
		dict.put(60,"SVO");
		dict.put(61,"VIE");
		dict.put(62,"OSL");
		dict.put(63,"ARN");
		/*   ----- Airplane Attributes-----
		id, name, max_passengers, speed, dest,
        	num_passengers,runway,  mtc_time) 
		*/
		sentCount = 0.0;
		recCount = 0.0;
		Airplanes= new Airplane[m];
		int dest = -1;
		double[] initial_mtc = new double[]
 			{ 1300.0, 1600.0, 3600.0, 400.0, 2000.0, 1000.0, 8000.0,180.0,
	 		900.0, 1000.0, 240.0, 800.0, 670.0, 800.0, 780.0} ;
		for(int k = 0; k<m/5;k++)
		{
			Airplanes[5*k+0] = new Airplane(5*k, "B757-300", 216,540, dest,212,-1,initial_mtc[k%15]);
			Airplanes[5*k+1] = new Airplane(5*k+1, "B737-700",179, 530, dest, 170,-1,initial_mtc[k%15]); 
			Airplanes[5*k+2] = new Airplane(5*k+2, "B737-800",90, 530, dest, 89 ,-1,initial_mtc[k%15]); 
			Airplanes[5*k+3] = new Airplane(5*k+3, "A319",150, 530, dest, 130,-1,initial_mtc[k%15]); 
			Airplanes[5*k+4] = new Airplane(5*k+4, "A320",150, 530, dest, 145,-1,initial_mtc[k%15]); 
		}
		/* ---- Airport Attributes----
		(id, runwayTimeToLand,requiredTimeToTaxii, requiredTimeToUnload
        	requiredTimeOnGround, requiredTimeToTakeOff, dict, dis,
         	double circling_time, int passArrive,int passDepart)
		*/
	        num_airports = n;
		Airports = new Airport[n]; 
		for(int k=0; k<Airports.length;k++)
		{
			Airports[k] = new Airport(k,5.0,10.0,20.0,25.0,5.0,dict, dis,0.0,0,0);
		}
	}
    	public static void main(String[] args) throws MPIException{
		long startTime = System.currentTimeMillis();
	        MPI.Init(args);
		//arg0 is number of airports
		int arg0 = Integer.parseInt(args[0]) ;
		//arg1 is protocol for synchronization 1 is Null, 2 is YAWNS 
		//int size = 50;
		//int num_airplane = 80;
		int num_airplane = 2560;
	        int rank = MPI.COMM_WORLD.getRank();
        	int size = MPI.COMM_WORLD.getSize();
		int arg1=0;
		if(rank==0){
			System.out.println("The following options are set: " );
			System.out.println("Number of LPs: "+size );
			System.out.println("Number of Airports: "+arg0 );
		}
		if(size>1){ 
			arg1 = Integer.parseInt(args[1]);
			if(rank==0){
				if(arg1 ==1)
				{
					System.out.println("Synchronization Protocol: Null Message");
				}
				else	
				{
					System.out.println("Synchronization Protocol: YAWNS");
				}
			}
                	AirportSim airportSim = new AirportSim(size, num_airplane);
			terminate1 = new boolean[size];
			for(int p=0; p<size;p++)
				terminate1[p]=false;
			

			/* ---- Airport Event Attribute  --------
			(delay, handler, eventType, airplaneType,airports,arrivalTime,departureTime,nextDest)----
			*/                        
			AirportEvent[] initial_event = new AirportEvent[num_airplane/size];   	
			
			int num_events = num_airplane/(2*size);
			double 	delay = (double) rank; 
			int add = rank*((num_airplane/size));
			int temp;
			for(int j=0;j<num_events;j++)
			{
				temp = (2*j)+add;
				initial_event[2*j] = new AirportEvent(delay, Airports[rank], AirportEvent.PLANE_ARRIVES,Airplanes[(2*j)+add], Airports,0.0,0.0,-1); 
       				Simulator.schedule(initial_event[2*j]);
				initial_event[(2*j)+1] = new AirportEvent(delay, Airports[rank], AirportEvent.PLANE_UNLOADED, 
				Airplanes[(2*j)+1+add], Airports,0.0,0.0,-1); 
       				Simulator.schedule(initial_event[(2*j)+1]);

			}
	
		}
		else{
			int newsize = arg0;
                	AirportSim airportSim = new AirportSim(newsize, num_airplane);

			/* ---- Airport Event Attribute  --------
			(delay, handler, eventType, airplaneType,airports,arrivalTime,departureTime,nextDest)----
			*/                        
			AirportEvent[] initial_event = new AirportEvent[num_airplane];   	
			int num_events = num_airplane/2;
			double divisor = (double)num_airplane/newsize;
			double delay =0.0;
			int id = -1;
